4294967294,0
4294967279,86
4294967279,85
4294967279,84
4294967279,83
4294967279,82
4294967279,81
4294967279,80
4294967279,79
4294967279,78
4294967279,77
4294967279,76
4294967279,75
4294967279,74
4294967279,73
4294967279,72
4294967279,71
4294967279,70
4294967279,69
4294967279,68
4294967279,67
4294967279,66
4294967279,65
4294967279,64
4294967279,63
4294967279,62
4294967279,61
4294967279,60
4294967279,59
4294967279,58
4294967279,57
4294967279,56
4294967279,55
4294967279,54
4294967279,53
4294967279,52
4294967279,51
4294967279,50
4294967279,49
4294967279,48
4294967279,47
4294967278,36
4294967278,35
4294967278,34
4294967278,33
4294967278,32
4294967278,31
4294967278,30
4294967278,29
4294967278,28
4294967278,27
4294967278,26
4294967278,25
4294967278,24
4294967278,23
4294967278,22
4294967278,21
4294967278,20
4294967278,19
4294967278,18
4294967278,17
4294967278,16
4294967278,15
4294967278,14
4294967278,13
4294967278,11
4294967278,10
4294967278,9
4294967278,8
4294967278,7
4294967278,6
4294967278,5
4294967278,4
4294967279,132
4294967279,131
4294967279,130
4294967279,129
4294967279,128
4294967279,127
4294967279,126
4294967279,125
4294967279,124
4294967279,123
4294967279,122
4294967279,121
4294967279,120
4294967279,119
4294967279,118
4294967279,117
4294967279,116
4294967279,115
4294967279,114
4294967279,113
4294967279,112
4294967279,111
4294967279,110
4294967279,109
4294967279,108
4294967279,107
4294967279,106
4294967279,105
4294967279,104
4294967279,103
4294967279,102
4294967279,101
4294967279,100
4294967279,99
4294967279,98
4294967279,97
4294967279,96
4294967279,95
4294967279,94
4294967279,93
4294967279,92
4294967279,91
4294967279,90
4294967279,89
4294967279,87
4294967279,24
4294967279,23
4294967279,22
4294967279,21
4294967279,19
4294967279,16
4294967279,15
4294967279,14
4294967279,12
4294967279,11
4294967279,402
4294967278,341
4294967279,401
4294967278,340
4294967278,339
4294967279,400
4294967294,50
4294967294,472
4294967294,43
4294967294,417
4294967294,52
4294967294,82
4294967294,1249
4294967294,83
4294967294,5
11,8
11,0
4294967279,216
4294967279,280
4294967279,214
9,15
9,0
9,14
9,13
4294967279,230
4294967279,228
4294967279,226
4294967279,224
4294967279,222
4294967279,220
4294967279,218
11,7
11,6
4294967279,287
4294967278,280
4294967278,257
4294967279,255
4294967279,254
4294967279,253
4294967279,250
4294967279,249
4294967279,248
4294967279,246
4294967279,244
4294967279,242
4294967279,240
4294967279,238
4294967279,237
4294967279,236
4294967279,234
4294967279,232
4294967278,177
4294967278,168
4294967278,150
4294967278,149
4294967278,148
4294967278,147
4294967278,146
4294967278,145
4294967278,144
4294967278,143
4294967278,142
4294967278,141
4294967278,140
4294967278,139
4294967279,139
4294967278,138
4294967279,279
4294967278,276
4294967278,136
4294967279,136
4294967278,135
4294967279,135
4294967278,134
4294967279,133
4294967278,133
4294967278,272
4294967278,271
4294967279,274
4294967278,270
4294967279,273
4294967278,269
4294967278,268
4294967279,271
4294967278,282
4294967279,270
4294967278,266
4294967279,269
4294967278,265
4294967278,338
4294967278,12
4294967279,267
4294967278,264
4294967279,266
4294967278,263
9,12
4294967279,265
4294967278,278
4294967279,264
4294967278,261
4294967279,263
4294967278,259
4294967279,262
4294967278,258
4294967279,284
4294967279,259
4294967279,258
4294967279,399
4294967278,337
4294967279,398
4294967279,397
4294967278,336
4294967278,254
4294967278,253
4294967278,252
4294967278,250
4294967278,248
4294967278,246
4294967278,244
9,11
4294967278,242
4294967278,240
4294967278,238
4294967278,237
4294967278,236
4294967278,234
4294967278,232
4294967278,230
4294967278,228
4294967278,226
4294967278,224
4294967278,222
4294967278,220
4294967278,218
4294967278,216
4294967278,214
4294967278,213
4294967278,212
4294967278,211
4294967278,210
4294967278,209
9,10
4294967278,208
4294967278,207
4294967278,206
4294967278,205
4294967278,204
4294967278,203
4294967278,202
4294967278,201
4294967278,200
4294967278,199
9,9
9,8
4294967278,198
4294967278,197
4294967278,196
4294967278,195
4294967278,194
4294967278,193
4294967278,192
4294967278,191
4294967278,190
4294967278,189
4294967278,188
4294967278,187
4294967278,186
4294967278,185
4294967278,184
4294967278,183
4294967278,182
4294967278,181
4294967278,180
